
100  0.004939999999999999  0.06182  0.11216
200  0.00494  0.05038999999999999  0.08684
300  0.0034000000000000002  0.07388  0.08310999999999999
400  0.0018400000000000003  0.0198  0.036550000000000006
500  0.004929999999999999  0.048  0.09255000000000001
600  0.00388  0.04707000000000001  0.08158000000000001
700  0.0031400000000000004  0.05645  0.10413000000000001
800  0.0039000000000000007  0.07925  0.14537
900  0.00576  0.13838  0.25493
1000  0.00523  0.11051  0.19972999999999996
1100  0.005900000000000001  0.13418000000000002  0.25512000000000007
1200  0.00482  0.15749000000000002  0.2970400000000001
1300  0.00223  0.17109  0.31957
1400  0.00566  0.31565000000000004  0.63513
1500  0.0035700000000000003  0.23182  0.44220999999999994
1600  0.0041  0.26759000000000005  0.48472
1700  0.007569999999999999  0.29861  0.54136
1800  0.0086  0.36711  0.6566099999999999
1900  0.00788  0.3583299999999999  0.6744000000000001
2000  0.01038  0.39651000000000003  0.74358
2100  0.01101  0.43938  0.82053
2200  0.01621  0.7861899999999998  1.6515999999999997
2300  0.019639999999999998  0.8078400000000002  1.5432000000000001
2400  0.01781  0.7123299999999999  1.4218799999999998
2500  0.00737  0.67355  1.32283
2600  0.0060999999999999995  0.6473300000000001  1.2523
2700  0.006229999999999999  0.73833  1.35343
2800  0.006619999999999999  0.97324  2.0398400000000003
2900  0.00929  0.87303  1.72774
3000  0.008409999999999999  0.94756  1.75103
3100  0.0068000000000000005  0.92895  1.75594
3200  0.00937  1.07041  2.0110099999999997
3300  0.00722  1.11576  2.0464500000000005
3400  0.007010000000000001  1.11053  2.1092500000000003
3500  0.00794  1.1623  2.2005799999999995
3600  0.007850000000000001  1.2220099999999998  2.29554
3700  0.013240000000000002  1.7063  3.3785200000000004
3800  0.00791  1.3395499999999998  2.56332
3900  0.0077399999999999995  1.4054000000000002  2.68856
4000  0.00937  1.4705799999999998  2.8387400000000005
4100  0.008749999999999999  1.5400099999999999  2.97505
4200  0.01617  1.9067800000000001  8.54174
4300  0.014490000000000003  2.03315  3.78175
4400  0.009659999999999998  1.7906699999999998  3.4981
4500  0.011760000000000001  1.9571100000000001  3.78309
4600  0.009999999999999998  1.9316900000000001  3.8454900000000003
4700  0.018870000000000005  2.52093  4.61734
4800  0.011130000000000001  2.1562500000000004  4.27149
4900  0.01782  2.4957000000000003  4.93912
5000  0.011720000000000001  2.34682  4.7011199999999995
5100  0.01184  2.39493  4.9007
5200  0.01933  2.55214  5.473380000000001
5300  0.01055  2.5479200000000004  5.15448
5400  0.010820000000000001  2.72374  5.37859
5500  0.014110000000000001  2.88668  5.6718399999999995
5600  0.01743  3.0124699999999995  6.05766
5700  0.01719  3.36774  8.56917
5800  0.011949999999999999  3.09058  6.24803
5900  0.01577  3.2372199999999998  6.52526
6000  0.0158  3.2919199999999997  6.704560000000001
6100  0.013550000000000001  3.41298  6.968860000000001
6200  0.013019999999999999  3.5088800000000004  7.149120000000001
6300  0.014610000000000001  3.64943  7.52692
6400  0.01268  3.7388500000000002  7.65793
6500  0.013489999999999999  3.8733400000000002  7.83255
6600  0.01421  3.97923  8.112200000000001
6700  0.0186  4.15311  8.417639999999999
6800  0.01621  4.30594  8.801419999999998
6900  0.01557  4.37435  8.977170000000001
7000  0.01413  4.52578  9.176840000000002
7100  0.03266  4.82408  9.879650000000002
7200  0.015089999999999998  4.808910000000001  9.89153
7300  0.01527  4.92106  9.97908
7400  0.01595  5.044749999999999  10.56755
7500  0.015620000000000004  5.180210000000001  10.581349999999999
7600  0.016859999999999997  5.32732  10.88344
7700  0.01768  5.497539999999999  11.250560000000002
7800  0.017730000000000003  5.644609999999999  11.453990000000001
7900  0.018160000000000003  5.84936  11.80224
8000  0.017370000000000003  5.9910000000000005  12.1238
8100  0.017740000000000002  6.11829  12.39031
8200  0.01873  6.3320300000000005  12.833969999999999
8300  0.02139  6.4747900000000005  13.111190000000002
8400  0.01838  6.60272  13.440980000000001
8500  0.01925  6.9726799999999995  14.00797
8600  0.02342  6.942660000000001  14.08991
8700  0.020620000000000003  7.14273  14.51765
8800  0.02055  7.4120800000000004  14.938060000000002
8900  0.021189999999999997  7.478850000000001  15.128319999999999
9000  0.026119999999999997  14.03925  27.989359999999998
9100  0.027270000000000006  15.98808  31.852809999999998
9200  0.030220000000000004  16.8565  32.455870000000004
9300  0.03186  16.97606  33.87117
9400  0.03438  17.032919999999997  34.25387
9500  0.028959999999999996  17.42776  34.67521000000001
9600  0.029109999999999997  17.86325  35.26133
9700  0.03182  18.195439999999998  36.3299
9800  0.029830000000000002  18.49238  36.76524
9900  0.03253  18.95919  37.67119999999999
10000  0.031889999999999995  19.785429999999998  38.90125
