100 0.49409000000000003  0.09064999999999998  0.13060999999999998
200 0.05114  0.061959999999999994  0.08768
300 0.07521  0.09519999999999999  0.12997999999999998
400 0.11643999999999999  0.13802000000000003  0.21245999999999995
500 0.06734  0.10027  0.16763999999999998
600 0.08147000000000001  0.12065000000000001  0.21919999999999998
700 0.10995000000000002  0.16433  0.32060000000000005
800 0.13848  0.20153  0.41278
900 0.13981000000000002  0.20948000000000003  0.44067999999999996
1000 0.16924000000000003  0.23924000000000004  0.5324800000000001
1100 0.17575  0.25373  0.5634
1200 0.17208  0.28963  0.9766
1300 0.28869  0.40390999999999994  1.13592
1400 0.18471999999999997  0.28783000000000003  0.7869499999999998
1500 0.18883000000000003  0.29568  0.8074799999999998
1600 0.22538  0.36649000000000004  1.05589
1700 0.24858000000000002  0.3757100000000001  1.0713800000000002
1800 0.32761  0.48497  1.52772
1900 0.33773  0.51298  1.57895
2000 0.31375999999999993  0.47050000000000003  1.4243200000000003
2100 0.31304000000000004  0.4911199999999999  1.517
2200 0.33763  0.51906  1.6485699999999999
2300 0.36244  0.55625  1.78078
2400 0.38193  0.58079  1.9156299999999997
2500 0.39773  0.60196  2.2332499999999995
2600 0.37260999999999994  0.58712  2.1424700000000003
2700 0.38893000000000005  0.61203  2.2830500000000002
2800 0.52442  0.81495  3.5466500000000005
2900 0.45682  0.71455  2.7675599999999996
3000 0.54003  0.7821  3.2530099999999997
3100 0.62968  1.01081  4.08698
3200 0.49856000000000006  0.78468  3.17232
3300 0.5246000000000001  0.82596  3.31571
3400 0.5448899999999999  1.06999  3.5061600000000004
3500 0.7029799999999999  1.0628499999999999  5.1301000000000005
3600 0.6900499999999999  1.06493  5.08228
3700 0.61556  0.9622399999999999  4.19778
3800 0.6286700000000001  0.97667  4.33863
3900 0.65727  1.01494  4.60296
4000 0.6875600000000001  1.0548899999999999  4.889189999999999
4100 0.7115400000000001  1.10418  5.3645000000000005
4200 0.73878  1.1375000000000002  5.3809000000000005
4300 0.76732  1.1780700000000002  5.65054
4400 0.8118399999999999  1.2506  6.018140000000001
4500 0.8535600000000001  1.26282  6.233399999999999
4600 0.8460799999999999  1.30345  6.50758
4700 0.88117  1.35704  6.824510000000001
4800 0.90521  1.3934599999999997  7.18968
4900 0.92064  1.40772  7.37158
5000 0.9605300000000001  1.4615799999999999  7.80906
5100 0.98903  1.5019700000000002  8.013459999999998
5200 1.0185999999999997  1.5478299999999998  8.30943
5300 1.0983399999999999  1.6092799999999996  8.93001
5400 1.1430000000000002  1.6712599999999997  10.06525
5500 1.12798  1.6960899999999999  9.283629999999999
5600 1.4834  1.8538299999999999  10.4026
5700 1.2388  1.8425800000000003  10.47405
5800 1.22135  1.8285699999999998  10.477609999999999
5900 1.25128  1.89128  10.5893
6000 1.27141  1.9405899999999998  10.938460000000001
6100 1.5560100000000001  1.99786  11.302069999999999
6200 1.35163  2.0383199999999997  11.73969
6300 1.3960500000000002  2.1041199999999995  12.20383
6400 1.41695  2.15442  12.55444
6500 1.4725100000000002  2.22033  12.875829999999999
6600 1.50625  2.2866800000000005  13.263109999999998
6700 1.5371000000000001  2.32141  13.525709999999998
6800 1.5994799999999998  2.3889000000000005  13.963590000000002
6900 1.6978800000000003  2.69083  15.174059999999997
7000 1.6754699999999996  2.51699  15.237709999999998
7100 1.74464  2.5506499999999996  15.27986
7200 1.7554500000000002  2.6650199999999993  15.905359999999998
7300 1.83429  2.78244  17.05363
7400 1.9183299999999999  2.83542  17.46463
7500 1.92991  2.82566  16.95659
7600 1.9328500000000002  2.87554  17.354519999999997
7700 1.95608  2.94817  17.763610000000003
7800 1.9993299999999998  3.0000500000000003  18.114960000000004
7900 2.04873  3.3447999999999993  18.922310000000003
8000 2.1013699999999997  3.16402  19.42485
8100 2.17668  3.22029  19.794329999999995
8200 2.45637  3.2898599999999996  20.06975
8300 2.27587  3.39596  20.61081
8400 2.28539  3.4106300000000003  20.867980000000003
8500 2.33973  3.818979999999999  21.663
8600 2.3974  3.57224  22.13671
8700 2.44845  3.66106  22.345409999999998
8800 2.75467  3.73183  23.143409999999996
8900 2.6236200000000003  3.82017  23.61427
9000 2.6332899999999997  3.96497  24.678579999999997
9100 2.87882  4.01648  26.85913
9200 2.7935799999999995  4.184659999999999  25.715600000000002
9300 2.85249  4.21241  26.29199
9400 2.89324  4.23845  26.65757
9500 2.9079499999999996  4.28378  26.634170000000005
9600 3.06326  4.63528  29.38347
9700 3.10853  4.66423  29.34814
9800 3.09396  4.55304  28.542639999999995
9900 3.12116  4.60158  29.069790000000005
10000 3.24857  4.8084299999999995  30.665100000000002
